# Created by Octave 4.4.1, Tue Nov 06 16:59:01 2018 GMT <unknown@DESKTOP-SA88314>
# name: iris_training
# type: matrix
# rows: 45
# columns: 5
 5 3.2000000000000002 1.2 0.20000000000000001 1
 5.5 3.5 1.3 0.20000000000000001 1
 4.9000000000000004 3.1000000000000001 1.5 0.10000000000000001 1
 4.4000000000000004 3 1.3 0.20000000000000001 1
 5.0999999999999996 3.3999999999999999 1.5 0.20000000000000001 1
 5 3.5 1.3 0.29999999999999999 1
 4.5 2.2999999999999998 1.3 0.29999999999999999 1
 4.4000000000000004 3.2000000000000002 1.3 0.20000000000000001 1
 5 3.5 1.6000000000000001 0.59999999999999998 1
 5.0999999999999996 3.7999999999999998 1.8999999999999999 0.40000000000000002 1
 4.7999999999999998 3 1.3999999999999999 0.29999999999999999 1
 5.0999999999999996 3.7999999999999998 1.6000000000000001 0.20000000000000001 1
 4.5999999999999996 3.2000000000000002 1.3999999999999999 0.20000000000000001 1
 5.2999999999999998 3.7000000000000002 1.5 0.20000000000000001 1
 5 3.2999999999999998 1.3999999999999999 0.20000000000000001 1
 6 3.3999999999999999 4.5 1.6000000000000001 2
 6.7000000000000002 3.1000000000000001 4.7000000000000002 1.5 2
 6.2999999999999998 2.2999999999999998 4.4000000000000004 1.3 2
 5.5999999999999996 3 4.0999999999999996 1.3 2
 5.5 2.5 4 1.3 2
 5.5 2.6000000000000001 4.4000000000000004 1.2 2
 6.0999999999999996 3 4.5999999999999996 1.3999999999999999 2
 5.7999999999999998 2.6000000000000001 4 1.2 2
 5 2.2999999999999998 3.2999999999999998 1 2
 5.5999999999999996 2.7000000000000002 4.2000000000000002 1.3 2
 5.7000000000000002 3 4.2000000000000002 1.2 2
 5.7000000000000002 2.8999999999999999 4.2000000000000002 1.3 2
 6.2000000000000002 2.8999999999999999 4.2999999999999998 1.3 2
 5.0999999999999996 2.5 3 1.1000000000000001 2
 5.7000000000000002 2.7999999999999998 4.0999999999999996 1.3 2
 7.7000000000000002 3 6.0999999999999996 2.2999999999999998 3
 6.2999999999999998 3.3999999999999999 5.5999999999999996 2.3999999999999999 3
 6.4000000000000004 3.1000000000000001 5.5 1.8 3
 6 3 4.7999999999999998 1.8 3
 6.9000000000000004 3.1000000000000001 5.4000000000000004 2.1000000000000001 3
 6.7000000000000002 3.1000000000000001 5.5999999999999996 2.3999999999999999 3
 6.9000000000000004 3.1000000000000001 5.0999999999999996 2.2999999999999998 3
 5.7999999999999998 2.7000000000000002 5.0999999999999996 1.8999999999999999 3
 6.7999999999999998 3.2000000000000002 5.9000000000000004 2.2999999999999998 3
 6.7000000000000002 3.2999999999999998 5.7000000000000002 2.5 3
 6.7000000000000002 3 5.2000000000000002 2.2999999999999998 3
 6.2999999999999998 2.5 5 1.8999999999999999 3
 6.5 3 5.2000000000000002 2 3
 6.2000000000000002 3.3999999999999999 5.4000000000000004 2.2999999999999998 3
 5.9000000000000004 3 5.0999999999999996 1.8 3


